0, -41.0, 2.0, 34.0, 61.0
1, -49.0, -3.0, 81.0, 64.0
2, 47.0, 6.0, 77.0, 89.0
3, 168.0, 5.0, 65.0, 67.0
4, -88.0, -5.0, 71.0, 46.0
5, 67.0, 13.0, 79.0, 59.0
6, 146.0, 9.0, 65.0, 65.0
7, 54.0, 6.0, 44.0, 67.0
8, 86.0, -13.0, 75.0, 64.0
9, -209.0, -12.0, 72.0, 64.0
10, 50.0, 12.0, 74.0, 66.0
11, 18.0, 3.0, 56.0, 73.0
12, -12.0, 22.0, 63.0, 54.0
13, 104.0, 8.0, 71.0, 77.0
14, 196.0, 0.0, 81.0, 58.0
15, -68.0, 10.0, 63.0, 81.0
16, -162.0, -3.0, 68.0, 56.0
17, 91.0, 6.0, 72.0, 53.0
18, -153.0, -6.0, 65.0, 60.0
19, 72.0, -10.0, 72.0, 76.0
20, 64.0, 0.0, 74.0, 71.0
21, 127.0, 1.0, 73.0, 58.0
22, 67.0, 6.0, 73.0, 72.0
23, -122.0, 0.0, 83.0, 58.0
24, 114.0, 3.0, 64.0, 77.0
25, -30.0, -3.0, 94.0, 56.0
26, -64.0, 7.0, 75.0, 55.0
27, 13.0, 6.0, 67.0, 70.0
28, -12.0, 9.0, 72.0, 64.0
29, 128.0, 13.0, 61.0, 74.0
30, 93.0, 0.0, 67.0, 63.0
31, 92.0, 2.0, 58.0, 78.0
32, 102.0, 4.0, 74.0, 67.0
33, -17.0, -4.0, 64.0, 68.0
34, 57.0, 36.0, 82.0, 74.0
35, -3.0, 0.0, 64.0, 73.0
36, -13.0, 5.0, 66.0, 56.0
37, -69.0, 1.0, 63.0, 75.0
38, -86.0, 8.0, 76.0, 70.0
39, 33.0, -3.0, 70.0, 82.0
40, 37.0, -8.0, 91.0, 90.0
41, -36.0, 22.0, 59.0, 70.0
42, 80.0, 13.0, 98.0, 70.0
43, 19.0, 22.0, 87.0, 65.0
44, -40.0, 12.0, 50.0, 67.0
45, 228.0, 4.0, 75.0, 65.0
46, 106.0, 3.0, 83.0, 75.0
47, -21.0, 20.0, 57.0, 72.0
48, 41.0, 20.0, 63.0, 70.0
49, 112.0, 12.0, 51.0, 47.0
50, 65.0, 4.0, 69.0, 87.0
51, 28.0, 10.0, 55.0, 58.0
52, -69.0, -8.0, 60.0, 76.0
53, 176.0, 31.0, 56.0, 58.0
54, 59.0, 7.0, 52.0, 72.0
55, 191.0, 8.0, 80.0, 65.0
56, 84.0, 0.0, 73.0, 68.0
57, 32.0, 15.0, 55.0, 85.0
58, 102.0, 10.0, 68.0, 68.0
59, -51.0, 2.0, 75.0, 89.0
60, -14.0, 7.0, 68.0, 71.0
61, -48.0, 9.0, 57.0, 91.0
62, -45.0, -5.0, 92.0, 63.0
63, 146.0, 3.0, 38.0, 74.0
64, -95.0, 3.0, 89.0, 73.0
65, 77.0, -5.0, 68.0, 76.0
66, 89.0, -25.0, 72.0, 53.0
67, 95.0, 18.0, 70.0, 63.0
68, -72.0, -9.0, 52.0, 62.0
69, -52.0, -10.0, 58.0, 67.0
70, -120.0, -9.0, 47.0, 66.0
71, 95.0, -3.0, 63.0, 76.0
72, 81.0, 0.0, 76.0, 85.0
73, -9.0, 13.0, 71.0, 69.0
74, 36.0, 3.0, 74.0, 76.0
75, 119.0, 11.0, 64.0, 79.0
76, -107.0, 20.0, 89.0, 59.0
77, 36.0, 6.0, 68.0, 99.0
78, 48.0, 5.0, 47.0, 53.0
79, -72.0, -1.0, 52.0, 68.0
80, -55.0, -12.0, 66.0, 68.0
81, 12.0, -7.0, 69.0, 66.0
82, -137.0, 12.0, 65.0, 86.0
83, -157.0, 13.0, 59.0, 74.0
84, -1.0, 3.0, 53.0, 95.0
85, 47.0, 11.0, 70.0, 65.0
86, -67.0, 11.0, 75.0, 64.0
87, -68.0, 16.0, 63.0, 62.0
88, 17.0, -5.0, 95.0, 68.0
89, 90.0, -7.0, 79.0, 50.0
90, 56.0, -17.0, 49.0, 83.0
91, -85.0, 28.0, 50.0, 91.0
92, -97.0, -4.0, 56.0, 70.0
93, 51.0, 3.0, 58.0, 79.0
94, -161.0, 23.0, 58.0, 77.0
95, 78.0, -11.0, 88.0, 74.0
96, -56.0, 4.0, 73.0, 75.0
97, 62.0, 3.0, 62.0, 72.0
98, -156.0, 4.0, 65.0, 83.0
99, -106.0, 1.0, 44.0, 61.0
100, -47.0, -6.0, 63.0, 65.0
101, 110.0, -15.0, 93.0, 59.0
102, -111.0, 19.0, 84.0, 63.0
103, 230.0, 9.0, 84.0, 64.0
104, 38.0, -3.0, 70.0, 63.0
105, -40.0, -7.0, 59.0, 94.0
106, -43.0, 0.0, 67.0, 63.0
107, -130.0, 2.0, 50.0, 80.0
108, 20.0, 5.0, 71.0, 94.0
109, 64.0, 2.0, 59.0, 67.0
110, -32.0, -9.0, 62.0, 58.0
111, -59.0, 11.0, 61.0, 69.0
112, 140.0, 4.0, 64.0, 68.0
113, -44.0, 6.0, 61.0, 78.0
114, -213.0, 11.0, 70.0, 60.0
115, -156.0, -12.0, 75.0, 80.0
116, -77.0, 2.0, 72.0, 63.0
117, -67.0, 11.0, 61.0, 64.0
118, -124.0, 3.0, 61.0, 63.0
119, 33.0, 26.0, 66.0, 71.0
120, -3.0, 8.0, 62.0, 70.0
121, 135.0, 14.0, 80.0, 82.0
122, -82.0, -7.0, 61.0, 78.0
123, -16.0, -3.0, 54.0, 73.0
124, 3.0, 10.0, 94.0, 64.0
125, -40.0, 0.0, 90.0, 83.0
126, -34.0, -5.0, 64.0, 75.0
127, 29.0, 3.0, 74.0, 57.0
128, -153.0, 14.0, 62.0, 57.0
129, -125.0, 6.0, 68.0, 56.0
130, -19.0, 10.0, 70.0, 67.0
131, 185.0, 20.0, 71.0, 77.0
132, 52.0, 1.0, 72.0, 69.0
133, -47.0, -1.0, 66.0, 65.0
134, 47.0, 5.0, 62.0, 93.0
135, -57.0, 20.0, 63.0, 70.0
136, 38.0, 3.0, 59.0, 76.0
137, -56.0, 13.0, 69.0, 63.0
138, 31.0, 23.0, 57.0, 64.0
139, 118.0, -3.0, 64.0, 81.0
140, 192.0, 14.0, 74.0, 51.0
141, 35.0, 7.0, 79.0, 59.0
142, -178.0, -8.0, 65.0, 48.0
143, 166.0, 14.0, 64.0, 72.0
144, -80.0, 0.0, 70.0, 92.0
145, -74.0, 30.0, 72.0, 61.0
146, 122.0, -9.0, 66.0, 67.0
147, 154.0, -12.0, 66.0, 71.0
148, 118.0, 14.0, 80.0, 78.0
149, 1.0, 8.0, 63.0, 66.0
150, -37.0, 23.0, 72.0, 68.0
151, -94.0, 4.0, 70.0, 59.0
152, 164.0, 8.0, 68.0, 63.0
153, -21.0, 0.0, 75.0, 52.0
154, 123.0, 30.0, 33.0, 51.0
155, -96.0, -8.0, 63.0, 76.0
156, 36.0, -16.0, 74.0, 40.0
157, 230.0, 14.0, 63.0, 74.0
158, -10.0, -9.0, 81.0, 70.0
159, 162.0, 22.0, 85.0, 80.0
160, 205.0, 4.0, 73.0, 73.0
161, -81.0, -8.0, 94.0, 92.0
162, 84.0, 24.0, 100.0, 61.0
163, 103.0, 17.0, 78.0, 67.0
164, 157.0, 1.0, 74.0, 71.0
165, 195.0, -8.0, 87.0, 67.0
166, 89.0, -8.0, 66.0, 78.0
167, 65.0, -21.0, 59.0, 76.0
168, 112.0, 5.0, 68.0, 78.0
169, -2.0, 12.0, 53.0, 75.0
170, -20.0, 2.0, 68.0, 82.0
171, 77.0, 7.0, 72.0, 63.0
172, -36.0, -11.0, 77.0, 79.0
173, -170.0, 5.0, 60.0, 94.0
174, -6.0, 10.0, 56.0, 76.0
175, 42.0, -13.0, 77.0, 70.0
176, -163.0, 5.0, 92.0, 68.0
177, 145.0, -6.0, 65.0, 65.0
178, 53.0, 19.0, 69.0, 70.0
179, -32.0, -5.0, 66.0, 61.0
180, -140.0, -1.0, 52.0, 69.0
181, -10.0, 14.0, 63.0, 47.0
182, -226.0, 8.0, 59.0, 67.0
183, 5.0, -6.0, 61.0, 72.0
184, -53.0, -7.0, 73.0, 82.0
185, 79.0, 7.0, 76.0, 67.0
186, 163.0, -11.0, 43.0, 64.0
187, 114.0, 5.0, 68.0, 91.0
188, -30.0, 0.0, 62.0, 63.0
189, 9.0, -4.0, 50.0, 80.0
190, -99.0, 13.0, 65.0, 58.0
191, 76.0, 6.0, 79.0, 68.0
192, -155.0, 4.0, 66.0, 69.0
193, -30.0, 0.0, 64.0, 69.0
194, -25.0, 17.0, 70.0, 77.0
195, -81.0, 6.0, 57.0, 81.0
196, -262.0, -13.0, 69.0, 68.0
197, -161.0, 0.0, 64.0, 78.0
198, 288.0, -2.0, 63.0, 63.0
199, 115.0, 3.0, 74.0, 82.0
200, -64.0, -11.0, 81.0, 56.0
201, 11.0, -7.0, 90.0, 62.0
202, 19.0, 4.0, 75.0, 73.0
203, -57.0, -14.0, 84.0, 62.0
204, -167.0, 16.0, 62.0, 62.0
205, 48.0, -10.0, 73.0, 75.0
206, 125.0, 24.0, 67.0, 71.0
207, -195.0, 0.0, 70.0, 66.0
208, 93.0, 16.0, 63.0, 87.0
209, 124.0, -16.0, 55.0, 66.0
210, -171.0, 16.0, 68.0, 83.0
211, 95.0, -26.0, 63.0, 85.0
212, 58.0, 4.0, 65.0, 75.0
213, -158.0, -21.0, 82.0, 72.0
214, 182.0, -9.0, 66.0, 95.0
215, -150.0, -25.0, 60.0, 67.0
216, -165.0, 17.0, 61.0, 77.0
217, -109.0, -11.0, 51.0, 65.0
218, 118.0, -5.0, 40.0, 87.0
219, 33.0, 6.0, 65.0, 52.0
220, -32.0, -16.0, 85.0, 76.0
221, -194.0, 21.0, 51.0, 75.0
222, -80.0, 9.0, 53.0, 58.0
223, -43.0, 16.0, 69.0, 73.0
224, -180.0, -2.0, 60.0, 66.0
225, 129.0, 11.0, 73.0, 63.0
226, 80.0, -2.0, 67.0, 68.0
227, -145.0, -17.0, 51.0, 67.0
228, -98.0, 3.0, 64.0, 61.0
229, 8.0, 2.0, 81.0, 88.0
230, -149.0, 5.0, 58.0, 86.0
231, 95.0, -29.0, 76.0, 68.0
232, -11.0, 6.0, 92.0, 67.0
233, 80.0, 25.0, 71.0, 66.0
234, 139.0, 0.0, 78.0, 78.0
235, -78.0, 19.0, 73.0, 72.0
236, 180.0, 8.0, 65.0, 58.0
237, 63.0, 7.0, 68.0, 82.0
238, 157.0, 3.0, 57.0, 74.0
239, 6.0, 6.0, 89.0, 79.0
240, -33.0, -2.0, 60.0, 57.0
241, -101.0, 23.0, 50.0, 58.0
242, 56.0, -6.0, 75.0, 77.0
243, 37.0, 1.0, 53.0, 64.0
244, 154.0, -3.0, 66.0, 69.0
245, 18.0, -5.0, 86.0, 65.0
246, -125.0, 7.0, 60.0, 78.0
247, -64.0, -8.0, 64.0, 71.0
248, -94.0, -3.0, 51.0, 80.0
249, 90.0, 5.0, 51.0, 69.0
250, -2.0, -7.0, 70.0, 61.0
251, 159.0, -6.0, 73.0, 73.0
252, 28.0, 25.0, 79.0, 63.0
253, 98.0, -11.0, 77.0, 74.0
254, -2.0, 18.0, 65.0, 90.0
255, -6.0, 4.0, 76.0, 82.0
0, -160.0, 24.0, 63.0, 54.0
1, -120.0, -8.0, 58.0, 68.0
2, -88.0, 11.0, 67.0, 43.0
3, 131.0, 21.0, 64.0, 66.0
4, 91.0, -4.0, 48.0, 56.0
5, -116.0, -9.0, 51.0, 71.0
6, -7.0, 13.0, 54.0, 75.0
7, -130.0, 10.0, 71.0, 81.0
8, -14.0, 10.0, 49.0, 72.0
9, -5.0, -11.0, 66.0, 87.0
10, 76.0, -4.0, 76.0, 72.0
11, -57.0, 13.0, 72.0, 88.0
12, 103.0, -3.0, 66.0, 81.0
13, -49.0, -9.0, 75.0, 62.0
14, 70.0, 16.0, 47.0, 60.0
15, 79.0, 19.0, 56.0, 67.0
16, 117.0, -11.0, 81.0, 77.0
17, 97.0, 20.0, 65.0, 59.0
18, -125.0, 11.0, 70.0, 88.0
19, -28.0, 27.0, 64.0, 92.0
20, 36.0, -6.0, 75.0, 55.0
21, -1.0, 1.0, 76.0, 75.0
22, 6.0, 15.0, 72.0, 78.0
23, 251.0, 23.0, 64.0, 69.0
24, -156.0, 6.0, 51.0, 77.0
25, 42.0, -8.0, 83.0, 64.0
26, -111.0, -12.0, 87.0, 84.0
27, -17.0, -5.0, 69.0, 65.0
28, -2.0, -17.0, 66.0, 39.0
29, -24.0, -19.0, 67.0, 76.0
30, -119.0, 9.0, 77.0, 66.0
31, -116.0, 2.0, 86.0, 68.0
32, 104.0, 0.0, 32.0, 69.0
33, -56.0, 5.0, 64.0, 77.0
34, 121.0, 3.0, 67.0, 55.0
35, 103.0, -4.0, 75.0, 80.0
36, -180.0, 0.0, 55.0, 67.0
37, -77.0, 2.0, 61.0, 76.0
38, 33.0, 2.0, 77.0, 64.0
39, 11.0, 17.0, 70.0, 82.0
40, 27.0, -3.0, 74.0, 67.0
41, -73.0, 4.0, 75.0, 63.0
42, 43.0, 14.0, 78.0, 61.0
43, -75.0, 28.0, 45.0, 60.0
44, -29.0, -16.0, 50.0, 49.0
45, 224.0, 7.0, 56.0, 62.0
46, 33.0, 10.0, 58.0, 65.0
47, 113.0, 12.0, 61.0, 63.0
48, -73.0, -15.0, 86.0, 62.0
49, 222.0, 25.0, 56.0, 59.0
50, 32.0, 2.0, 69.0, 67.0
51, -54.0, 12.0, 49.0, 47.0
52, -67.0, 2.0, 82.0, 60.0
53, -315.0, -15.0, 75.0, 93.0
54, -37.0, -8.0, 71.0, 77.0
55, 21.0, 25.0, 73.0, 73.0
56, 41.0, -8.0, 69.0, 81.0
57, 206.0, -14.0, 81.0, 55.0
58, -5.0, 14.0, 69.0, 63.0
59, 87.0, 16.0, 73.0, 88.0
60, 62.0, 17.0, 50.0, 73.0
61, 223.0, 16.0, 74.0, 47.0
62, -180.0, 3.0, 85.0, 60.0
63, -96.0, 5.0, 81.0, 63.0
64, -141.0, 4.0, 86.0, 74.0
65, 96.0, -16.0, 74.0, 80.0
66, 42.0, 31.0, 53.0, 62.0
67, -150.0, 3.0, 78.0, 51.0
68, 42.0, 9.0, 81.0, 74.0
69, -59.0, -23.0, 76.0, 79.0
70, -150.0, 0.0, 50.0, 58.0
71, -175.0, 22.0, 55.0, 75.0
72, -190.0, -1.0, 66.0, 82.0
73, -197.0, -11.0, 76.0, 66.0
74, 24.0, -2.0, 57.0, 72.0
75, -83.0, 5.0, 67.0, 70.0
76, -125.0, -9.0, 78.0, 59.0
77, -35.0, 12.0, 62.0, 73.0
78, -1.0, -12.0, 65.0, 73.0
79, 80.0, -1.0, 48.0, 84.0
80, 1.0, 0.0, 57.0, 53.0
81, 174.0, 4.0, 44.0, 64.0
82, -114.0, 6.0, 94.0, 77.0
83, -85.0, 8.0, 60.0, 64.0
84, -108.0, -5.0, 56.0, 77.0
85, 104.0, 23.0, 65.0, 77.0
86, 156.0, -1.0, 59.0, 65.0
87, -126.0, 8.0, 73.0, 70.0
88, -242.0, 22.0, 66.0, 59.0
89, 64.0, -7.0, 61.0, 89.0
90, 58.0, 16.0, 63.0, 59.0
91, -31.0, -6.0, 70.0, 77.0
92, 179.0, 17.0, 52.0, 70.0
93, -34.0, -1.0, 60.0, 62.0
94, 25.0, 12.0, 89.0, 81.0
95, -69.0, 15.0, 72.0, 89.0
96, 97.0, 10.0, 77.0, 60.0
97, 49.0, 6.0, 84.0, 55.0
98, -184.0, 3.0, 99.0, 59.0
99, -80.0, -1.0, 55.0, 83.0
100, 42.0, -5.0, 73.0, 69.0
101, 13.0, 9.0, 74.0, 86.0
102, 63.0, -5.0, 57.0, 58.0
103, -58.0, 15.0, 71.0, 80.0
104, 107.0, 2.0, 49.0, 69.0
105, -67.0, 9.0, 65.0, 78.0
106, 171.0, -2.0, 65.0, 67.0
107, 162.0, 8.0, 66.0, 73.0
108, 134.0, 11.0, 66.0, 81.0
109, -8.0, -3.0, 85.0, 59.0
110, -46.0, -17.0, 88.0, 85.0
111, 267.0, 2.0, 61.0, 64.0
112, 93.0, -9.0, 72.0, 88.0
113, 120.0, 11.0, 93.0, 47.0
114, 71.0, 6.0, 75.0, 56.0
115, 64.0, -9.0, 60.0, 69.0
116, -60.0, 17.0, 68.0, 96.0
117, -111.0, -9.0, 66.0, 67.0
118, 199.0, -22.0, 87.0, 60.0
119, 14.0, 2.0, 59.0, 83.0
120, 199.0, 0.0, 56.0, 86.0
121, -109.0, -19.0, 42.0, 74.0
122, -126.0, 15.0, 78.0, 81.0
123, 73.0, -4.0, 50.0, 74.0
124, -114.0, 24.0, 64.0, 74.0
125, 1.0, 17.0, 67.0, 67.0
126, 110.0, 18.0, 70.0, 86.0
127, -72.0, 7.0, 54.0, 65.0
128, -125.0, 5.0, 59.0, 84.0
129, 74.0, -20.0, 87.0, 71.0
130, -29.0, 29.0, 88.0, 73.0
131, -25.0, 17.0, 71.0, 78.0
132, -71.0, 1.0, 76.0, 71.0
133, 150.0, -2.0, 86.0, 74.0
134, 74.0, 5.0, 78.0, 64.0
135, 10.0, 23.0, 87.0, 78.0
136, 72.0, 28.0, 90.0, 69.0
137, -168.0, 0.0, 49.0, 69.0
138, 45.0, -3.0, 56.0, 76.0
139, 3.0, -2.0, 49.0, 85.0
140, 59.0, -16.0, 76.0, 64.0
141, -56.0, 6.0, 66.0, 84.0
142, 18.0, 8.0, 87.0, 77.0
143, 47.0, 5.0, 80.0, 77.0
144, -184.0, -21.0, 80.0, 59.0
145, 3.0, 7.0, 66.0, 63.0
146, -142.0, 22.0, 60.0, 72.0
147, 172.0, 20.0, 58.0, 71.0
148, 70.0, 19.0, 69.0, 90.0
149, -29.0, 11.0, 65.0, 80.0
150, 200.0, 17.0, 64.0, 67.0
151, 103.0, -3.0, 82.0, 80.0
152, 113.0, -6.0, 66.0, 70.0
153, 40.0, 0.0, 56.0, 71.0
154, 283.0, 6.0, 69.0, 81.0
155, 146.0, 0.0, 64.0, 82.0
156, -100.0, 18.0, 71.0, 65.0
157, -51.0, 2.0, 45.0, 74.0
158, -121.0, 11.0, 61.0, 81.0
159, -43.0, 17.0, 52.0, 71.0
160, 157.0, 8.0, 74.0, 44.0
161, -87.0, 20.0, 54.0, 42.0
162, 58.0, 8.0, 69.0, 75.0
163, 28.0, -7.0, 73.0, 73.0
164, -9.0, 3.0, 66.0, 89.0
165, 23.0, 12.0, 59.0, 73.0
166, -141.0, 12.0, 76.0, 47.0
167, -125.0, 21.0, 68.0, 82.0
168, 3.0, 6.0, 73.0, 61.0
169, -36.0, -15.0, 61.0, 81.0
170, 239.0, 5.0, 73.0, 45.0
171, -55.0, -5.0, 60.0, 61.0
172, 80.0, 15.0, 78.0, 81.0
173, 5.0, -5.0, 64.0, 47.0
174, -220.0, 12.0, 66.0, 76.0
175, 129.0, 19.0, 85.0, 53.0
176, 12.0, 24.0, 67.0, 72.0
177, -154.0, 0.0, 67.0, 72.0
178, 75.0, 25.0, 62.0, 60.0
179, -71.0, 20.0, 68.0, 90.0
180, 62.0, -3.0, 84.0, 74.0
181, -59.0, 1.0, 63.0, 75.0
182, -258.0, 19.0, 64.0, 54.0
183, -86.0, 0.0, 65.0, 65.0
184, 165.0, 38.0, 62.0, 70.0
185, -69.0, -10.0, 68.0, 78.0
186, 62.0, -4.0, 71.0, 72.0
187, 171.0, 10.0, 69.0, 56.0
188, 44.0, -5.0, 67.0, 82.0
189, -6.0, 1.0, 69.0, 83.0
190, 125.0, 5.0, 52.0, 63.0
191, 79.0, 14.0, 60.0, 65.0
192, 27.0, 12.0, 78.0, 78.0
193, -126.0, 4.0, 50.0, 88.0
194, 25.0, 19.0, 78.0, 67.0
195, -20.0, 9.0, 58.0, 65.0
196, 17.0, 9.0, 68.0, 59.0
197, 41.0, 30.0, 69.0, 62.0
198, 28.0, 11.0, 69.0, 77.0
199, -138.0, 11.0, 76.0, 70.0
200, -90.0, 3.0, 50.0, 52.0
201, -78.0, 7.0, 68.0, 73.0
202, 186.0, 22.0, 76.0, 71.0
203, 167.0, 25.0, 61.0, 70.0
204, 30.0, 12.0, 53.0, 81.0
205, 79.0, -3.0, 55.0, 76.0
206, 40.0, 3.0, 61.0, 56.0
207, 63.0, -4.0, 55.0, 85.0
208, 269.0, 8.0, 65.0, 69.0
209, 2.0, -2.0, 79.0, 64.0
210, 41.0, 16.0, 67.0, 66.0
211, 54.0, 16.0, 64.0, 73.0
212, -98.0, 11.0, 71.0, 50.0
213, -71.0, -13.0, 69.0, 57.0
214, 19.0, 9.0, 55.0, 89.0
215, -30.0, 5.0, 50.0, 65.0
216, -61.0, 15.0, 62.0, 70.0
217, -138.0, -3.0, 65.0, 61.0
218, 117.0, 1.0, 68.0, 73.0
219, 6.0, -14.0, 80.0, 52.0
220, 91.0, 23.0, 91.0, 62.0
221, -137.0, 5.0, 62.0, 60.0
222, -92.0, 10.0, 69.0, 80.0
223, 77.0, 5.0, 62.0, 79.0
224, -312.0, 4.0, 66.0, 63.0
225, 126.0, 12.0, 59.0, 69.0
226, 340.0, 11.0, 68.0, 57.0
227, -40.0, 19.0, 72.0, 72.0
228, 114.0, 7.0, 76.0, 77.0
229, 85.0, 0.0, 72.0, 63.0
230, -203.0, 10.0, 54.0, 83.0
231, 173.0, 2.0, 74.0, 60.0
232, -230.0, -6.0, 68.0, 69.0
233, 0.0, 5.0, 68.0, 76.0
234, 72.0, 2.0, 86.0, 79.0
235, -80.0, -7.0, 84.0, 74.0
236, -12.0, -7.0, 63.0, 64.0
237, 225.0, 11.0, 70.0, 62.0
238, 59.0, 1.0, 84.0, 73.0
239, 105.0, -2.0, 84.0, 75.0
240, 128.0, 1.0, 71.0, 59.0
241, -89.0, 3.0, 45.0, 60.0
242, 141.0, -9.0, 70.0, 67.0
243, -135.0, 9.0, 58.0, 90.0
244, 74.0, -2.0, 51.0, 49.0
245, 85.0, 12.0, 70.0, 82.0
246, 225.0, 4.0, 90.0, 73.0
247, 82.0, 20.0, 66.0, 78.0
248, -4.0, 9.0, 61.0, 70.0
249, 5.0, -2.0, 82.0, 72.0
250, 69.0, 18.0, 71.0, 60.0
251, 141.0, 9.0, 73.0, 82.0
252, 103.0, -5.0, 97.0, 65.0
253, -183.0, -6.0, 70.0, 72.0
254, -115.0, 6.0, 60.0, 77.0
255, 125.0, 17.0, 53.0, 76.0
0, -41.0, 0.0, 80.0, 67.0
1, -97.0, 1.0, 80.0, 47.0
2, -36.0, 0.0, 76.0, 72.0
3, 2.0, 11.0, 65.0, 52.0
4, 1.0, -15.0, 77.0, 81.0
5, -78.0, 5.0, 66.0, 65.0
6, 29.0, 6.0, 62.0, 71.0
7, -75.0, -5.0, 92.0, 48.0
8, -66.0, 29.0, 73.0, 70.0
9, -25.0, -22.0, 61.0, 80.0
10, -27.0, 1.0, 78.0, 64.0
11, 102.0, 8.0, 74.0, 81.0
12, 9.0, -3.0, 62.0, 75.0
13, 96.0, 16.0, 49.0, 84.0
14, -120.0, -4.0, 81.0, 64.0
15, -44.0, -14.0, 69.0, 54.0
16, -110.0, 11.0, 62.0, 77.0
17, -126.0, 7.0, 62.0, 66.0
18, 133.0, -7.0, 38.0, 79.0
19, 40.0, 16.0, 89.0, 63.0
20, 93.0, -6.0, 60.0, 69.0
21, 224.0, -3.0, 89.0, 56.0
22, 118.0, -14.0, 80.0, 60.0
23, -7.0, -1.0, 84.0, 60.0
24, 56.0, -3.0, 83.0, 64.0
25, 14.0, 11.0, 77.0, 81.0
26, -45.0, 8.0, 79.0, 68.0
27, -55.0, 7.0, 70.0, 74.0
28, -70.0, 7.0, 61.0, 68.0
29, 119.0, 16.0, 39.0, 73.0
30, 219.0, 17.0, 60.0, 66.0
31, 122.0, 13.0, 61.0, 63.0
32, 59.0, -8.0, 63.0, 65.0
33, 167.0, 6.0, 67.0, 72.0
34, 94.0, 4.0, 56.0, 62.0
35, -62.0, 12.0, 85.0, 84.0
36, 95.0, 2.0, 43.0, 56.0
37, 65.0, 10.0, 84.0, 68.0
38, 48.0, 37.0, 64.0, 92.0
39, -41.0, -14.0, 77.0, 62.0
40, -60.0, -1.0, 36.0, 77.0
41, -100.0, -4.0, 59.0, 66.0
42, 58.0, 0.0, 60.0, 62.0
43, -29.0, 1.0, 70.0, 58.0
44, 117.0, 25.0, 61.0, 66.0
45, 24.0, -2.0, 71.0, 78.0
46, 49.0, 15.0, 61.0, 71.0
47, 97.0, 5.0, 62.0, 75.0
48, 223.0, -5.0, 41.0, 84.0
49, -77.0, 5.0, 72.0, 86.0
50, 23.0, -22.0, 79.0, 59.0
51, -15.0, 19.0, 69.0, 87.0
52, -8.0, -8.0, 81.0, 78.0
53, 138.0, 0.0, 63.0, 66.0
54, -54.0, 3.0, 71.0, 76.0
55, 40.0, -5.0, 65.0, 79.0
56, -134.0, 18.0, 61.0, 62.0
57, -20.0, 15.0, 64.0, 55.0
58, -55.0, 4.0, 62.0, 68.0
59, -116.0, -12.0, 59.0, 74.0
60, 115.0, -5.0, 70.0, 66.0
61, -110.0, 16.0, 60.0, 72.0
62, -106.0, -13.0, 42.0, 81.0
63, 103.0, 5.0, 59.0, 69.0
64, -53.0, 0.0, 72.0, 70.0
65, 219.0, 7.0, 97.0, 81.0
66, -221.0, 12.0, 63.0, 88.0
67, 32.0, 5.0, 69.0, 58.0
68, 153.0, 0.0, 66.0, 60.0
69, -54.0, 14.0, 40.0, 60.0
70, -7.0, 0.0, 56.0, 55.0
71, -16.0, 0.0, 53.0, 71.0
72, -14.0, -3.0, 58.0, 71.0
73, -54.0, -3.0, 52.0, 75.0
74, 44.0, 11.0, 59.0, 67.0
75, 185.0, 16.0, 71.0, 73.0
76, -290.0, -10.0, 55.0, 79.0
77, -103.0, -22.0, 68.0, 64.0
78, 21.0, -16.0, 72.0, 73.0
79, -58.0, 20.0, 75.0, 76.0
80, 12.0, -8.0, 54.0, 71.0
81, 145.0, 12.0, 65.0, 70.0
82, 114.0, 13.0, 63.0, 80.0
83, 87.0, 3.0, 68.0, 58.0
84, 232.0, 9.0, 87.0, 69.0
85, -152.0, 7.0, 76.0, 103.0
86, 28.0, 11.0, 62.0, 69.0
87, 165.0, 3.0, 55.0, 79.0
88, -51.0, 11.0, 64.0, 56.0
89, -23.0, 5.0, 56.0, 76.0
90, -165.0, -3.0, 77.0, 46.0
91, 51.0, 18.0, 101.0, 74.0
92, 8.0, -7.0, 75.0, 69.0
93, 16.0, 16.0, 76.0, 80.0
94, 57.0, 12.0, 71.0, 68.0
95, -329.0, 4.0, 81.0, 67.0
96, 104.0, 0.0, 49.0, 66.0
97, -136.0, -14.0, 40.0, 77.0
98, 114.0, 19.0, 63.0, 71.0
99, -48.0, 6.0, 45.0, 49.0
100, 21.0, -9.0, 62.0, 66.0
101, -213.0, 0.0, 88.0, 62.0
102, 60.0, 1.0, 72.0, 77.0
103, 4.0, 2.0, 77.0, 88.0
104, 88.0, 0.0, 61.0, 81.0
105, -106.0, 13.0, 55.0, 61.0
106, -80.0, -13.0, 64.0, 58.0
107, 108.0, -14.0, 64.0, 80.0
108, 203.0, -10.0, 52.0, 68.0
109, -75.0, 2.0, 72.0, 88.0
110, 156.0, 6.0, 46.0, 64.0
111, 99.0, -2.0, 70.0, 61.0
112, 126.0, -3.0, 74.0, 78.0
113, -41.0, -20.0, 59.0, 69.0
114, 169.0, 3.0, 73.0, 75.0
115, 71.0, 18.0, 73.0, 69.0
116, -28.0, 23.0, 70.0, 73.0
117, 35.0, 9.0, 57.0, 83.0
118, -26.0, 20.0, 66.0, 63.0
119, -16.0, -8.0, 74.0, 73.0
120, 23.0, -2.0, 53.0, 65.0
121, -61.0, 1.0, 70.0, 47.0
122, 26.0, -20.0, 75.0, 63.0
123, 104.0, 13.0, 76.0, 73.0
124, -207.0, -3.0, 74.0, 54.0
125, -52.0, -6.0, 72.0, 76.0
126, 58.0, 18.0, 74.0, 64.0
127, 145.0, 8.0, 75.0, 38.0
128, 10.0, 13.0, 63.0, 90.0
129, -188.0, 19.0, 49.0, 71.0
130, 38.0, 25.0, 55.0, 78.0
131, 44.0, -3.0, 69.0, 84.0
132, -25.0, 13.0, 60.0, 75.0
133, 63.0, -5.0, 77.0, 77.0
134, -232.0, 6.0, 66.0, 77.0
135, 87.0, 4.0, 85.0, 82.0
136, 282.0, 9.0, 83.0, 87.0
137, 354.0, 27.0, 66.0, 59.0
138, -26.0, 10.0, 59.0, 66.0
139, -62.0, 2.0, 80.0, 74.0
140, -17.0, 11.0, 79.0, 68.0
141, -128.0, 9.0, 73.0, 82.0
142, 95.0, 13.0, 69.0, 63.0
143, -8.0, -7.0, 86.0, 89.0
144, 120.0, 14.0, 64.0, 50.0
145, -140.0, 1.0, 66.0, 85.0
146, -100.0, 8.0, 64.0, 63.0
147, 50.0, 0.0, 81.0, 66.0
148, 36.0, 16.0, 58.0, 75.0
149, 120.0, 4.0, 72.0, 72.0
150, 23.0, 17.0, 71.0, 71.0
151, 76.0, 7.0, 59.0, 66.0
152, 69.0, 14.0, 61.0, 88.0
153, 135.0, 8.0, 56.0, 85.0
154, 219.0, -15.0, 51.0, 60.0
155, 7.0, -9.0, 50.0, 69.0
156, 74.0, 14.0, 49.0, 65.0
157, 163.0, -6.0, 75.0, 60.0
158, -32.0, -11.0, 81.0, 65.0
159, 195.0, 2.0, 59.0, 71.0
160, 22.0, -3.0, 65.0, 84.0
161, 64.0, -8.0, 77.0, 59.0
162, -160.0, -6.0, 76.0, 75.0
163, 47.0, 15.0, 50.0, 72.0
164, -63.0, -9.0, 73.0, 60.0
165, -35.0, 0.0, 72.0, 58.0
166, -3.0, 17.0, 64.0, 75.0
167, 87.0, -3.0, 66.0, 75.0
168, -58.0, 9.0, 63.0, 64.0
169, 18.0, 8.0, 60.0, 65.0
170, 140.0, 17.0, 74.0, 69.0
171, -69.0, 7.0, 77.0, 91.0
172, 165.0, 9.0, 89.0, 84.0
173, 91.0, 9.0, 67.0, 64.0
174, -79.0, -6.0, 44.0, 84.0
175, 6.0, 2.0, 69.0, 68.0
176, 80.0, 20.0, 86.0, 49.0
177, -51.0, 20.0, 62.0, 78.0
178, 43.0, -3.0, 58.0, 79.0
179, -113.0, 3.0, 63.0, 65.0
180, 142.0, -6.0, 59.0, 84.0
181, 184.0, 3.0, 49.0, 59.0
182, -99.0, -2.0, 74.0, 64.0
183, 33.0, 26.0, 59.0, 66.0
184, 7.0, 9.0, 74.0, 71.0
185, 49.0, 6.0, 54.0, 72.0
186, 92.0, -1.0, 68.0, 65.0
187, -106.0, -7.0, 53.0, 72.0
188, -39.0, 5.0, 63.0, 72.0
189, 39.0, -3.0, 55.0, 74.0
190, -196.0, 0.0, 68.0, 68.0
191, -9.0, -5.0, 74.0, 71.0
192, -56.0, -8.0, 79.0, 74.0
193, -24.0, -7.0, 66.0, 102.0
194, 3.0, 21.0, 81.0, 65.0
195, 13.0, 7.0, 77.0, 78.0
196, 67.0, 8.0, 53.0, 76.0
197, -85.0, 2.0, 74.0, 88.0
198, 120.0, 4.0, 75.0, 58.0
199, -83.0, -3.0, 69.0, 81.0
200, -38.0, -4.0, 51.0, 86.0
201, 69.0, -11.0, 81.0, 65.0
202, -52.0, 1.0, 67.0, 62.0
203, -81.0, 0.0, 72.0, 77.0
204, 30.0, 5.0, 60.0, 83.0
205, -32.0, -14.0, 63.0, 65.0
206, -54.0, -7.0, 76.0, 74.0
207, -20.0, -1.0, 67.0, 59.0
208, 5.0, 17.0, 71.0, 74.0
209, -32.0, 4.0, 67.0, 60.0
210, -9.0, 7.0, 62.0, 43.0
211, 43.0, 8.0, 67.0, 74.0
212, -14.0, 8.0, 55.0, 74.0
213, -120.0, -4.0, 58.0, 82.0
214, 30.0, -11.0, 76.0, 77.0
215, -62.0, 17.0, 69.0, 93.0
216, -7.0, -7.0, 71.0, 69.0
217, -115.0, -11.0, 49.0, 61.0
218, 3.0, -2.0, 81.0, 102.0
219, 75.0, 7.0, 50.0, 61.0
220, 10.0, 1.0, 60.0, 85.0
221, 21.0, 0.0, 79.0, 89.0
222, 224.0, 12.0, 49.0, 66.0
223, 100.0, -18.0, 58.0, 80.0
224, 61.0, 12.0, 63.0, 67.0
225, -64.0, 0.0, 53.0, 55.0
226, 36.0, 0.0, 71.0, 75.0
227, -5.0, 11.0, 53.0, 52.0
228, 14.0, 9.0, 66.0, 83.0
229, -88.0, 24.0, 73.0, 65.0
230, 42.0, -12.0, 57.0, 49.0
231, -37.0, -5.0, 80.0, 65.0
232, 55.0, 0.0, 65.0, 45.0
233, 147.0, -1.0, 89.0, 56.0
234, -35.0, 29.0, 84.0, 99.0
235, 132.0, 11.0, 59.0, 74.0
236, 80.0, -7.0, 63.0, 62.0
237, -125.0, 15.0, 66.0, 68.0
238, -8.0, 2.0, 83.0, 51.0
239, -108.0, 2.0, 83.0, 86.0
240, -24.0, -6.0, 66.0, 92.0
241, 6.0, 14.0, 70.0, 58.0
242, -55.0, 28.0, 46.0, 61.0
243, -27.0, -7.0, 59.0, 62.0
244, 60.0, -13.0, 75.0, 84.0
245, -71.0, 9.0, 60.0, 78.0
246, -27.0, -5.0, 69.0, 52.0
247, -69.0, 6.0, 69.0, 59.0
248, -8.0, 1.0, 72.0, 79.0
249, 72.0, 9.0, 80.0, 62.0
250, -123.0, 17.0, 70.0, 49.0
251, 123.0, 31.0, 61.0, 93.0
252, -9.0, 6.0, 53.0, 57.0
253, -3.0, 8.0, 74.0, 89.0
254, -171.0, 6.0, 72.0, 85.0
255, 69.0, -16.0, 51.0, 78.0
0, -157.0, 5.0, 73.0, 95.0
1, 51.0, 9.0, 76.0, 56.0
2, -197.0, 4.0, 73.0, 76.0
3, -18.0, 12.0, 80.0, 86.0
4, 78.0, -24.0, 64.0, 72.0
5, 25.0, 0.0, 67.0, 56.0
6, 8.0, 0.0, 70.0, 75.0
7, 35.0, 8.0, 77.0, 97.0
8, 198.0, 31.0, 60.0, 67.0
9, -155.0, 22.0, 65.0, 79.0
10, 57.0, -3.0, 60.0, 64.0
11, 0.0, -5.0, 53.0, 64.0
12, 35.0, -3.0, 65.0, 72.0
13, -120.0, 3.0, 49.0, 94.0
14, -155.0, 9.0, 76.0, 72.0
15, 53.0, 0.0, 75.0, 58.0
16, 9.0, -9.0, 71.0, 78.0
17, -150.0, -2.0, 74.0, 63.0
18, 262.0, -1.0, 63.0, 78.0
19, -144.0, -14.0, 57.0, 69.0
20, -110.0, 13.0, 83.0, 57.0
21, -40.0, -17.0, 88.0, 79.0
22, 53.0, -7.0, 62.0, 81.0
23, -131.0, -7.0, 55.0, 59.0
24, -57.0, -4.0, 72.0, 76.0
25, 19.0, -12.0, 62.0, 93.0
26, -61.0, 4.0, 66.0, 74.0
27, -43.0, 5.0, 72.0, 79.0
28, -184.0, -5.0, 68.0, 74.0
29, -51.0, 0.0, 76.0, 63.0
30, 63.0, 17.0, 50.0, 77.0
31, 219.0, 13.0, 67.0, 79.0
32, -147.0, 2.0, 51.0, 67.0
33, -119.0, -6.0, 55.0, 88.0
34, 88.0, -22.0, 59.0, 67.0
35, 170.0, -3.0, 69.0, 66.0
36, -5.0, -13.0, 49.0, 75.0
37, -99.0, -6.0, 65.0, 51.0
38, -58.0, 17.0, 45.0, 82.0
39, 38.0, 10.0, 44.0, 63.0
40, 128.0, -7.0, 74.0, 62.0
41, 29.0, 26.0, 66.0, 62.0
42, -31.0, -9.0, 71.0, 64.0
43, 205.0, 3.0, 60.0, 71.0
44, -55.0, -17.0, 71.0, 63.0
45, 97.0, -3.0, 81.0, 75.0
46, -4.0, 10.0, 62.0, 57.0
47, 32.0, 11.0, 50.0, 94.0
48, 199.0, 11.0, 53.0, 86.0
49, 130.0, 2.0, 64.0, 93.0
50, -5.0, 0.0, 63.0, 71.0
51, -67.0, 25.0, 52.0, 71.0
52, 115.0, 2.0, 59.0, 68.0
53, -24.0, -7.0, 67.0, 80.0
54, -69.0, -17.0, 55.0, 64.0
55, -44.0, -3.0, 72.0, 68.0
56, 44.0, -4.0, 61.0, 62.0
57, 49.0, -17.0, 72.0, 77.0
58, -49.0, 16.0, 68.0, 68.0
59, 2.0, 11.0, 68.0, 70.0
60, 108.0, -8.0, 65.0, 63.0
61, -144.0, 0.0, 68.0, 63.0
62, 60.0, 17.0, 52.0, 78.0
63, 106.0, -2.0, 81.0, 72.0
64, 100.0, -1.0, 83.0, 77.0
65, 120.0, -8.0, 48.0, 95.0
66, -52.0, 8.0, 73.0, 72.0
67, 1.0, 8.0, 62.0, 52.0
68, 83.0, 1.0, 68.0, 56.0
69, -59.0, 8.0, 72.0, 81.0
70, -101.0, 0.0, 73.0, 81.0
71, 160.0, 10.0, 76.0, 76.0
72, -30.0, 8.0, 76.0, 60.0
73, -65.0, 14.0, 73.0, 86.0
74, 180.0, 19.0, 56.0, 47.0
75, -22.0, 10.0, 55.0, 58.0
76, 183.0, 9.0, 73.0, 64.0
77, -121.0, -9.0, 69.0, 78.0
78, 180.0, -15.0, 62.0, 69.0
79, -100.0, -2.0, 76.0, 101.0
80, -192.0, -10.0, 72.0, 69.0
81, 150.0, -12.0, 73.0, 62.0
82, 181.0, 23.0, 60.0, 91.0
83, 63.0, 0.0, 71.0, 93.0
84, -20.0, 30.0, 74.0, 70.0
85, 65.0, -5.0, 69.0, 53.0
86, -31.0, 36.0, 87.0, 83.0
87, -36.0, -19.0, 65.0, 50.0
88, -77.0, 11.0, 40.0, 68.0
89, 39.0, 20.0, 88.0, 56.0
90, 48.0, -1.0, 45.0, 66.0
91, 186.0, 12.0, 72.0, 76.0
92, 176.0, -15.0, 64.0, 53.0
93, 147.0, 0.0, 46.0, 65.0
94, -119.0, -5.0, 74.0, 70.0
95, 95.0, 6.0, 64.0, 84.0
96, 145.0, -12.0, 70.0, 95.0
97, -33.0, -4.0, 70.0, 74.0
98, -40.0, -14.0, 68.0, 59.0
99, 212.0, -5.0, 69.0, 77.0
100, 86.0, -15.0, 58.0, 69.0
101, -136.0, 8.0, 71.0, 78.0
102, 150.0, -17.0, 73.0, 72.0
103, 209.0, 2.0, 81.0, 74.0
104, 83.0, 11.0, 76.0, 75.0
105, 27.0, 19.0, 45.0, 62.0
106, 101.0, 13.0, 75.0, 60.0
107, 150.0, 14.0, 66.0, 76.0
108, -77.0, 9.0, 80.0, 62.0
109, 137.0, 24.0, 73.0, 69.0
110, -40.0, -7.0, 55.0, 90.0
111, -169.0, 4.0, 61.0, 67.0
112, 103.0, 4.0, 62.0, 72.0
113, 100.0, -37.0, 95.0, 85.0
114, -190.0, -2.0, 68.0, 74.0
115, -125.0, 20.0, 78.0, 74.0
116, 63.0, 20.0, 76.0, 66.0
117, -29.0, 13.0, 51.0, 49.0
118, -99.0, -9.0, 62.0, 65.0
119, 72.0, 23.0, 91.0, 82.0
120, -203.0, 5.0, 63.0, 55.0
121, 101.0, 2.0, 82.0, 52.0
122, -20.0, 1.0, 74.0, 72.0
123, -69.0, 34.0, 79.0, 66.0
124, 259.0, 2.0, 58.0, 65.0
125, 104.0, 10.0, 88.0, 58.0
126, 165.0, 4.0, 53.0, 67.0
127, 175.0, 8.0, 62.0, 58.0
128, -44.0, 0.0, 54.0, 67.0
129, -34.0, 8.0, 67.0, 91.0
130, 31.0, -1.0, 64.0, 59.0
131, -100.0, 1.0, 53.0, 81.0
132, -233.0, 14.0, 52.0, 57.0
133, -126.0, 9.0, 61.0, 68.0
134, 126.0, 7.0, 79.0, 67.0
135, 106.0, 10.0, 76.0, 72.0
136, 159.0, 8.0, 69.0, 51.0
137, 115.0, 3.0, 52.0, 72.0
138, -3.0, 6.0, 51.0, 73.0
139, -22.0, 28.0, 69.0, 96.0
140, 193.0, 6.0, 73.0, 85.0
141, 41.0, 8.0, 71.0, 51.0
142, -132.0, -10.0, 67.0, 64.0
143, 85.0, -1.0, 69.0, 54.0
144, 49.0, 0.0, 57.0, 92.0
145, 4.0, 15.0, 54.0, 79.0
146, 135.0, -1.0, 82.0, 59.0
147, -47.0, -14.0, 78.0, 47.0
148, 141.0, 17.0, 73.0, 76.0
149, 95.0, 15.0, 74.0, 57.0
150, 42.0, 4.0, 40.0, 63.0
151, 205.0, -1.0, 65.0, 57.0
152, 22.0, 1.0, 49.0, 60.0
153, 129.0, -6.0, 72.0, 49.0
154, 215.0, 15.0, 57.0, 82.0
155, -100.0, 6.0, 63.0, 76.0
156, -80.0, 0.0, 78.0, 85.0
157, -250.0, -1.0, 72.0, 59.0
158, 27.0, -20.0, 88.0, 89.0
159, -106.0, -9.0, 59.0, 83.0
160, 109.0, 8.0, 60.0, 79.0
161, -47.0, 6.0, 62.0, 68.0
162, -1.0, -15.0, 68.0, 56.0
163, -84.0, 6.0, 61.0, 67.0
164, 18.0, 8.0, 85.0, 59.0
165, -137.0, -10.0, 75.0, 71.0
166, -79.0, 0.0, 78.0, 65.0
167, 79.0, 0.0, 55.0, 82.0
168, -47.0, 19.0, 76.0, 69.0
169, 24.0, -5.0, 46.0, 54.0
170, -74.0, -2.0, 79.0, 50.0
171, 23.0, -5.0, 63.0, 68.0
172, 201.0, 21.0, 57.0, 93.0
173, -22.0, 0.0, 53.0, 50.0
174, 111.0, -8.0, 83.0, 72.0
175, -197.0, -23.0, 71.0, 84.0
176, 257.0, -9.0, 78.0, 59.0
177, -66.0, 0.0, 62.0, 52.0
178, 65.0, 7.0, 73.0, 100.0
179, -4.0, 3.0, 51.0, 89.0
180, 89.0, 13.0, 71.0, 75.0
181, -49.0, 5.0, 69.0, 82.0
182, 30.0, -1.0, 67.0, 95.0
183, 217.0, -4.0, 79.0, 82.0
184, 119.0, 15.0, 79.0, 35.0
185, -197.0, 18.0, 81.0, 81.0
186, -15.0, 4.0, 69.0, 69.0
187, 227.0, 2.0, 67.0, 62.0
188, -34.0, -12.0, 92.0, 70.0
189, 199.0, 2.0, 76.0, 94.0
190, -115.0, 7.0, 80.0, 76.0
191, 226.0, -7.0, 57.0, 52.0
192, 96.0, 13.0, 85.0, 72.0
193, -185.0, -4.0, 71.0, 74.0
194, 123.0, -7.0, 73.0, 83.0
195, 230.0, 0.0, 65.0, 67.0
196, -99.0, -5.0, 70.0, 75.0
197, 206.0, -3.0, 74.0, 78.0
198, -119.0, 0.0, 58.0, 81.0
199, 30.0, -13.0, 71.0, 47.0
200, -19.0, 9.0, 66.0, 62.0
201, 179.0, 8.0, 64.0, 68.0
202, 103.0, -7.0, 58.0, 93.0
203, 50.0, 12.0, 77.0, 40.0
204, -4.0, -8.0, 77.0, 75.0
205, -84.0, 14.0, 64.0, 85.0
206, 96.0, -12.0, 68.0, 84.0
207, -79.0, 19.0, 77.0, 65.0
208, 83.0, 5.0, 85.0, 63.0
209, -179.0, 8.0, 88.0, 73.0
210, 199.0, 0.0, 79.0, 56.0
211, -164.0, -15.0, 62.0, 78.0
212, 25.0, 2.0, 79.0, 60.0
213, 41.0, -1.0, 45.0, 64.0
214, -220.0, 7.0, 94.0, 71.0
215, -106.0, -5.0, 96.0, 63.0
216, 64.0, 5.0, 43.0, 56.0
217, 143.0, 12.0, 66.0, 56.0
218, 157.0, -2.0, 50.0, 72.0
219, 7.0, 18.0, 66.0, 84.0
220, 52.0, -1.0, 76.0, 86.0
221, -37.0, 0.0, 67.0, 76.0
222, 40.0, 13.0, 66.0, 67.0
223, -28.0, 3.0, 80.0, 75.0
224, -75.0, -8.0, 56.0, 74.0
225, 25.0, -6.0, 53.0, 71.0
226, -11.0, 2.0, 72.0, 54.0
227, -36.0, -5.0, 66.0, 73.0
228, -154.0, -21.0, 58.0, 71.0
229, 59.0, -1.0, 58.0, 65.0
230, 116.0, 17.0, 72.0, 49.0
231, -2.0, 1.0, 73.0, 64.0
